# This puzzle is solvable
50
   1    2    3    4    5  388  203    7    9   10   12  207   13   14   15   16   18   19   20   21   22   23   24   25  220   26   27   28   29  225   30  227  226   34  228   36   37   38   39   40   41   42   43   44   45   46   47   48   49   50
 196  384  197  198  201  199    6  204  205  206   11  394  208  209  210  211   17  212  214  215  216  217  218  219  221  222  409  223   31  762  229  415   32  416   35  231  232  233  234  235  236  237  238  239  240  241  242  243  244   51
 195  383  564  566  386  202    8  390  391  392  572  393  395  396  397  398  399  213  401  402  403  404  405  406  407  408  410  589  224  413  593  412  594  414  230  417  419  420  421  422  423  424  425  426  427  428  429  430  245   52
 193  194  385  738  389  902  739  387  570  742  571  573  746  574  576  577  578  400  579  581  582  583  584  585  586  587  588  590  411  591  763  595   33  596  597  418  598  599  600  601  602  603  604  605  606  607  608  431  246   53
 381  380  382  565  200  736  901  567  569  743  744  745  908  575  747  748  749  750  580  752  753  754  755  756  757  758  759  760  761  592  927  926  765  766  767  768  769  770  771  772  773  774  775  776  777  778  609  432  247   54
 192  561  563  735  737  568  740  741 1062 1059 1060  906  905  909  910  911  912  913  751  915  916  917  918  919  920  921  922  923  924  925  764 1082  928  929  930  931  932  933  934  935  936  937  938  939  940  779  610  433  248   55
 190  734  562  900  899 1056  903 1058 1206 1209  907 1348 1063 1064 1065 1066 1068 1069  914 1070 1071 1072 1073 1074 1075 1076 1077 1078 1079 1227 1080 1081 1083 1084 1085 1086 1087 1088 1089 1090 1091 1092 1093 1094  941  780  611  434  249   56
 189  191  560  898  897 1055 1057 1204 1061  904 1478 1208 1210 1211 1212 1213 1067 1215 1216 1217 1218 1219 1220 1221 1222 1223 1224 1364 1225 1226 1228 1229 1230 1231 1232 1233 1234 1235 1236 1237 1238 1239 1240 1095  942  781  612  435  250   57
 378  379  732  733  896 1054 1203 1476 1205 1207 1347 1601 1349 1350 1351 1352 1214 1486 1355 1356 1357 1358 1359 1360 1361 1362 1363 1495 1365 1366 1367 1368 1369 1370 1371 1372 1373 1374 1375 1376 1377 1378 1241 1096  943  782  613  436  251   58
 188  558  731 1053 1052 1202 1343 1344 1474 1477 1475 1479 1480 1481 1482 1484 1485 1353 1354 1487 1611 1488 1489 1491 1492 1493 1494 1618 1496 1497 1498 1499 1500 1501 1502 1503 1504 1505 1506 1507 1508 1379 1242 1097  944  783  614  437  252   59
 186  377  559  557  730  895 1201 1341 1345 1600 1716 1346 1603 1604 1605 1483 1606 1608 1832 1607 1833 1612 1490 1613 1614 1617 1733 1840 1619 1735 1620 1621 1622 1624 1625 1626 1627 1628 1629 1630 1509 1380 1243 1098  945  784  615  438  253   60
 185  187  556  729  894 1051 1200 1342 1599 1718 1602 1717 1719 1720 1827 1829 1725 1928 1609 1610 1727 1931 1728 1729 1615 1616 1839 1732 1734 1736 1737 1844 1623 1739 1740 1741 1742 1743 1744 1631 1510 1381 1244 1099  946  785  616  439  254   61
 375  376  554  728  893 1050 1199 1340 1473 1598 1715 1824 1825 1826 1828 1722 1723 1830 1831 1726 1932 1834 1934 1935 1730 1838 1731 1841 1941 1843 1942 1944 1738 1845 1847 1848 1849 1850 1745 1632 1511 1382 1245 1100  947  786  617  440  255   62
 372  555  374  727 1049 1048 1198 1339 1472 1597 1714 1923 1823 1925 1926 2018 1721 1929 1930 1724 2019 2022 1936 1836 2025 1937 1938 2031 1939 1842 2033 1943 1945 1846 1947 2038 1948 1851 1746 1633 1512 1383 1246 1101  948  787  618  441  256   63
 373  184  371  553  726  892 1197 1338 1471 1596 1822 1712 1924 2016 2017 2175 2102 1927 2021 2106 1933 1835 2109 2026 1837 2027 2028 2113 1940 2032 2115 2034 2035 1946 2120 1949 1950 1852 1747 1634 1513 1384 1247 1102  949  788  619  442  257   64
 182  552  551  725  891  890 1196 1337 1470 1595 1713 1821 1922 2015 2100 2178 2103 2101 2105 2107 2023 2024 2108 2184 2110 2187 2030 2029 2114 2190 2191 2193 2118 2036 2119 2037 2040 1853 1748 1635 1514 1385 1248 1103  950  789  620  443  258   65
 183  370  724  723  889 1047 1046 1336 1469 1594 1711 1820 2014 2176 2012 2099 2020 2245 2104 2180 2181 2182 2183 2251 2185 2112 2111 2188 2189 2116 2117 2192 2194 2121 2122 2039 1854 1855 1749 1636 1515 1386 1249 1104  951  790  621  444  259   66
 180  368  367  722  885  888 1195 1194 1468 1593 1710 1819 1921 2098 2096 2174 2177 2304 2179 2247 2248 2249 2250 2310 2253 2313 2186 2255 2256 2257 2258 2259 2260 2195 2123 1954 1952 1856 1750 1516 1639 1637 1250 1105  952  791  622  445  260   67
 179  181  369  887  886 1045 1044 1335 1192 1709 1818 1465 1920 2013 2094 2097 2244 2305 2246 2306 2307 2308 2309 2404 2252 2312 2254 2314 2315 2316 2317 2319 2318 2261 2041 2042 1951 1953 1638 1518 1388 1387 1252 1106  953  792  623  446  261   68
 550  549  365  547  548 1042 1193 1333 1334 1590 1919 1592 1918 2095 2011 2173 2243 2242 2303 2357 2358 2359 2360 2403 2311 2364 2407 2363 2365 2366 2367 2262 2196 2197 2043 2124 1857 1752 1751 1517 1390 1251 1107 1108 1109  793  624  447  262   69
 177  178  546  366  884 1043 1190 1591 1191 1464 1707 1817 1917 1708 2009 2010 2172 2302 2356 2400 2401 2437 2402 2466 2361 2362 2469 2408 2409 2410 2368 2320 2263 2045 2199 1955 1957 1858 1753 1519 1255 1253  955  957  954  794  625  449  448   70
 176  364  545  721 1330  720 1040 1189 1588 1467 1466 1916 1814 1815 2239 2241 2354 2436 2355 2399 2238 2465 2435 2439 2485 2405 2443 2442 2445 2444 2369 2322 2321 2125 2126 2127 1859 2046 1755 1641 1110  958 1391 1256 1520  795  626  450  263   71
 173  174  544  719  175 1331 1332 1589 1586 1706 1704 1816 1914 1915 2093 2240 2171 2169 2299 2300 2438 2464 2484 2467 2441 2406 2472 2468 2446 2412 2370 2411 2371 2198 2044 2264 1956 1861 1642 1754 1521 1389 1394  956 1254  627  264  265  266   72
 362  717  718  716  883 1039 1041 1462 1329 1463 1705 1703 2008 2006 2007 2170 2237 2301 2352 2353 2434 2463 2483 2497 2487 2440 2470 2413 2372 2266 2323 2324 2128 2265 2200 2047 1860 1757 1862 1522 1640 1392 1393  796  959 1111  628  451   74   75
 172  363  543  715 1038 1188  881 1187 1461 1585 1813 1587 1913 2092 2168 2297 2234 2397 2298 2398 2396 2462 2496 2482 2486 2489 2473 2471 2447 2414 2373 2202 2129 2203 2201 2048 1959 1756 1958 1643 1113 1645 1258  797 1257  799  629  453   73  268
 171  361  542  880  879  882 1327 1328 1460 1584 1702 1811 1911 2090 2091 2235 2350 2432 2395 2349 2433 2430 2431 2461 2499 2490 2449 2476 2491 2415 2417 2326 2267 2205 2049 1960 1961 1864 1863 1758 1523 1395 1259 1112  798  961  452  630  267   76
 360  541  540  714 1186 1035 1036 1037 1701 1583 1700 1812 2005 1912 2089 2167 2236 2296 2351 2394 2393 2458 2481 2494 2488 2492 2477 2474 2448 2451 2416 2325 2327 2268 2204 2130 2050 1644 1759 1646 1396 1524 1260  962  800  960  631  455  454   77
 170  359  713  878 1034 1185 1183 1459 1326 1458 1699 1810 1910 2004 2088 2166 2164 2295 2348 2392 2460 2459 2480 2424 2498 2452 2495 2455 2450 2453 2381 2375 2376 2269 2131 2051 1865 1760 1761 1647 1525 1261 1398 1115 1114  801  632  633  271  270
 169  358  539  712  877 1182 1325 1184 1457 1809 1582 1808 1909 2003 2086 2165 2087 2294 2346 2347 2429 2457 2478 2456 2493 2384 2475 2378 2270 2419 2380 2328 2377 2206 2132 2133 1963 1962 1762 1648 1526 1399 1397 1262  963  802  272  964   78   79
 168  357  538  711  876 1323 1033 1324 1456 1581 1698 1807 1908 2002 2001 2163 2233 2232 2293 2391 2428 2427 2426 2479 2454 2422 2421 2423 2330 2275 2272 2379 2374 2207 2053 2052 1964 1866 1867 1649 1527 1528 1263 1116 1117  804  635  634   80  273
 167  356  537  710  875 1032 1181 1321 1455 1580 1697 1806 1907 2000 2085 2162 2231 2292 2345 2390 2389 2388 2340 2425 2387 2386 2382 2420 2279 2335 1966 2276 2271 2134 2055 2056 2054 1870 1651 1763 1529 1400 1118 1119  965 1120  637  458  456  269
 166  355  536  709  874 1031 1322 1180 1454 1579 1696 1805 1906 1999 2084 2161 2230 2291 2344 2343 2342 2341 2339 2338 2337 2385 2336 2418 2383 2209 2333 2329 1869 2208 1965 2058 1871 1764 1868 1650 1530 1401  966  805  636  806  807   81  275  462
 165  354  535  708  873 1030 1179 1320 1453 1578 1695 1804 1905 1998 2083 2160 2229 2290 2289 2288 2287 2286 2285 2284 2282 2147 2281 2216 2280 2277 2331 2332 2139 2273 2211 1766 1967 1968 1656 1765 1405 1402 1264 1532 1123 1122  457  638  274   82
 164  353  534  707  872 1029 1178 1319 1452 1577 1694 1803 1904 1997 2082 2159 2228 2227 2226 2225 2224 2223 2222 2150 2334 2283 2149 2068 2217 2278 2135 2210 2136 2137 2212 2057 1971 1970 1876 1652 1653 1531 1268 1121  803  278  460  968  461  459
 163  352  533  706  871 1028 1177 1318 1451 1576 1693 1802 1903 1996 2081 2158 2157 2156 2155 2154 2153 2152 2151 2220 1981 2069 2218 2066 2067 2213 2274 2141 2214 2143 2063 1769 1872 1772 1654 1266 1767 1655 1124 1265  967  969  639   83   84  276
 162  351  532  705  870 1027 1176 1317 1450 1575 1692 1801 1902 1995 2080 2079 2078 2077 2076 2075 2074 2073 2072 2071 2219 2221 2148 2146 1886 2145 2144 2064 1882 1775 2140 2138 1974 2059 1657 1969 1873 1267 1269  972  808  641  640  809   88  277
 161  350  531  704  869 1026 1175 1316 1449 1574 1691 1800 1901 1994 1993 1992 1991 1990 1989 1988 1987 1986 1985 1889 2070 1983 1980 2065 1977 2215 1885 1883 1975 2061 2062 1972 2060 1768 1874 1403 1538 1407 1406 1270  812   85   86  811  465  464
 160  349  530  703  868 1025 1174 1315 1448 1573 1690 1799 1900 1899 1898 1897 1896 1895 1894 1892 1786 1788 1789 1890 1984 1784 1887 1978 1884 1979 1668 2142 1976 1973 1879 1774 1661 1543 1536 1409 1404 1658 1126  971 1273  467  810  280  279   87
 159  348  529  702  867 1024 1173 1314 1447 1572 1689 1798 1797 1796 1795 1794 1793 1792 1791 1893 1891 1790 1676 1557 1982 1555 1785 1782 1781 1779 1881 1778 1880 1878 1776 1773 1417 1414 1544 1533 1271 1534 1539 1274  970  813  644  642  463  281
 158  347  528  701  866 1023 1172 1313 1446 1571 1688 1687 1686 1685 1684 1683 1682 1681 1680 1679 1678 1677 1888 1787 1674 1675 1783 1554 1780 1550 1548 1667 1547 1419 1877 1665 1664 1660 1659 1875 1537 1408 1535 1128  974  814  643  466  282   89
 157  346  527  700  865 1022 1171 1312 1445 1570 1569 1568 1567 1566 1565 1564 1563 1562 1561 1560 1559 1558 1430 1293 1673 1672 1424 1552 1671 1423 1669 1777 1549 1546 1279 1662 1283  828 1540  973  976 1275 1132 1272   91  978  468  815  284  283
 156  345  526  699  864 1021 1170 1311 1444 1443 1442 1441 1440 1439 1438 1437 1436 1435 1434 1432 1297 1431 1429 1426 1556 1427 1425 1551 1670 1421 1287 1284 1143 1666 1418 1281 1770 1542 1545 1412 1541 1125 1410 1129 1133  975  645  470   92  471
 155  344  525  698  863 1020 1169 1310 1309 1308 1307 1306 1305 1304 1303 1302 1301 1300 1298 1433 1296 1295 1294 1428 1150 1292 1553 1290 1289 1288 1422  990 1420 1286 1415 1136 1663 1138 1771 1280  982 1411 1277 1127 1131   90  288  977  646  286
 154  343  524  697  862 1019 1168 1167 1166 1165 1164 1163 1162 1161 1160 1159 1158 1156 1299 1155 1154 1153 1152 1151  999 1149 1291 1146  994  995  991  667  117  993  987 1416  985  986 1135 1413  983  984 1130 1134  979  817  816  469   93  285
 153  342  523  696  861 1018 1017 1016 1015 1014 1013 1012 1011 1010 1008 1007 1006 1157  847 1005 1003 1002 1001  841 1000 1147 1145 1148  835 1144  834  665  306  989  664  662 1282  663  988 1278  823  980  822  981  653 1276  476  647  650   97
 152  341  522  695  860  859  858  857  856  855  854  853  852  851 1009  849  681  848  846 1004  845  844  673  675  842  997  839  996 1142  492  311  496  833 1141  487 1140  992  660  824  825 1137  299  819  821  474  479  648   94  472   98
 151  340  521  694  693  692  691  690  689  688  687  686  685  684  850  682  680  679  505  678  502  677  674  316  840  998  671  838  494  308  836  495 1139 1285  303  830  827  302  481  661  658  657  108  652  649  477  651  290   95    0
 150  339  520  519  518  517  516  515  514  513  512  511  510  509  683  508  506  322  504  319  318  843  676  317  498  672  670  837  310  669  493  666  307  305  304  829  482  483  826  298  480  654  656  820  478  473  100  289  287  293
 149  338  337  336  335  334  333  332  331  330  329  328  327  326  325  507  324  323  131  503  320  501  500  499  497  315  313  314  120  668  491  490  831  118  115  832  111  486  659  484  109  106  296  655  818  294  102  292   96   99
 148  147  146  145  144  143  142  141  140  139  138  137  136  135  134  133  132  130  321  129  128  127  126  125  124  123  122  121  309  312  119  116  488  489  114  113  485  112  110  300  301  107  297  105  295  104  103  475  101  291