# This puzzle is unsolvable
50
   1  195  197    4    6  201    7    8   11    9  206  207   12   14   15   16   17   18   20  215   21   22   23   24   25   26   27   28   29   30  226   31   34   35   37   39  231  234   40  235   41   42   43   44   45   46   47   48   49   50
   2    3  561  199  387  567  202  205   10  204  392  570   13  210  396  211  213  400  580  214  216  217  218  219  220  221  222  223  224  225  413   32   33  416   36  417  232   38  233  421  236  237  238  239  240  241  242  243  244   51
 196  384  198  386  738    5  389  203  571  741  393  573  208  576  209  399  398  579   19  402  403  404  405  406  407  408  409  410  411  591  412  227  415  595  229  597  418  420  599  422  423  424  425  426  606  427  429  430  245   52
 194  383  566  388  563  568  737  569  740  390  572  395  394  574  397  747  212  581  401  752  582  583  584  585  586  587  588  589  590  762  592  414  228  594  596  230  419  598  600  601  602  603  604  605  777  428  431  432  246   53
 382  562  565  564  901  903  900  902  739  391  906  744  746  575  749  748  578  750  751  915  753  754  755  756  757  758  760  761  924  925  763  593  765  766  767  768  769  770  771  772  774 1091  775  776  779  608  607  609  247   54
 191  192  380  559  736  385 1056  905  742  904 1207  743  745  909  577  910  912  913  914 1070  917 1072  918  919  920  921  759  923 1080 1082  926  764  929  930  931  932 1087  933  934  935  936  773  938  937  940  778  610  433  248   55
 193  377  555  734  735  200 1204 1058 1059 1209  907 1062  908 1063 1065  911 1067 1068 1216 1218 1069 1073 1221 1074 1076 1078  922 1226 1224 1227 1229  927  928 1083 1085 1086 1088 1235 1089 1237 1092 1090 1093  939 1094  780  611  434  249   56
 187  381  379  189  899  898 1205 1344 1206 1347 1060 1061 1210 1064 1212 1066 1213 1215 1217 1356 1071 1219  916 1222 1077 1075 1364 1223 1079 1228 1081 1369 1368 1084 1232 1233 1234 1374 1236 1238 1239 1240 1241 1095  941  781  612  435  250   57
 186  190  560  732 1054 1055 1203 1057 1477 1346 1348 1480 1350 1211 1351 1352 1214 1485 1354 1355 1357 1220 1615 1360 1490 1362 1493 1225 1496 1366 1498 1367 1370 1231 1371 1372 1373 1375 1506 1376 1377 1378 1096  943  942  782  613  436  251   58
 375  188  556  733  731  897 1202 1476 1601 1345 1208 1717 1349 1481 1482 1483 1353 1608 1487 1488 1611 1358 1491 1731 1361 1612 1838 1492 1365 1620 1622 1500 1230 1624 1502 1503 1504 1505 1744 1507 1508 1379 1242 1097  944  783  614  437  252   59
 376  374  728  558  893 1053 1052 1200 1201 1475 1599 1718 1478 1603 1604 1720 1607 1722 1484 1724 1725 1486 1613 1359 1729 1733 1616 1363 1495 1617 1499 1497 1501 1623 1625 1626 1742 1629 1631 1630 1509 1380 1243 1098  945  784  615  438  253   60
 185  378  891  557  730 1051  895 1343 1600 1479 1715 1716 1824 1602 1606 1605 1721 1830 1723 1609 1727 1489 1834 1937 1732 1730 1614 1839 1619 1621 1618 1845 1844 1739 1740 1741 1628 1627 1747 1632 1510 1381 1244 1099  946  785  616  439  254   61
 729  727  373  896  894 1197 1342 1341 1474 1598 1597 1714 1826 1719 1827 1828 1829 1831 1930 1610 1835 1932 1726 1836 1494 1933 1941 1841 1734 1736 1737 1943 1738 1846 1847 1848 1948 1850 1743 1745 1511 1382 1245 1100  947  786  617  440  255   62
 554  726 1050 1049 1196 1338 1470 1339 1340 1472 1473 1924 1825 1925 1926 1927 1928 1929 2021 1931 1832 1934 1728 2027 1935 1938 1940 2187 2254 1843 1735 1942 1944 2117 2036 1946 2038 1851 1849 1633 1512 1383 1246 1101  787  788  618  441  256   63
 184  372  552  889  723  892 1199 1469 1337 1595 1713 1823 1923 2016 2017 2018 2019 2020 2022 2104 1833 2025 2026 1936 2110 2029 2114 1837 1840 2032 2191 2031 2033 2119 2120 2037 1947 1949 1746 1852 1513 1384 1247 1102  948  789  619  257  258   64
 183  370  725  553 1047 1195 1471 1198 1335 1712 1711 1822 1922 2015 2100 2101 2177 2102 2103 2024 2023 2107 2106 2109 2112 2028 2113 1842 2030 1939 2190 2116 2034 1945 2118 2039 1950 1853 1748 1634 1385 1515 1103  950  951  952  949  442  259   65
 371  181  182 1048 1045  890 1336 1468 1593 1594 1596 1821 1819 1921 2099 2176 2178 2245 2179 2105 2180 2181 2108 2184 2111 2312 2186 2256 2189 2188 2115 2035 2193 2194 2121 2040 1951 1854 1636 1514 1249 1386 1248 1105 1104  622  620  790  444   67
 179  180  550  369  888 1044 1046 1194 1467 1709 1818 1820 1920 2014 2098 2175 2244 2304 2246 2247 2248 2182 2250 2251 2185 2314 2365 2252 2255 2260 2257 2192 2261 2195 2122 2041 1952 1855 1749 1635 1516 1387 1108 1251  792 1106  260  446   66  443
 368  549  724  548  551  886 1334 1332 1591 1466 1592 1919 2011 2013 2097 2173 2174 2303 2242 2357 2306 2183 2308 2360 2310 2253 2366 2315 2317 2258 2316 2259 2263 2196 2123 2042 1953 1856 1750 1637 1751 1389 1388 1250  954  791  445  621  624  261
 178  366  367  722  721 1190 1193 1191 1333 1465 1817 1918 2012 2010 2096 2172 2356 2305 2243 2358 2249 2307 2403 2438 2311 2313 2470 2407 2409 2319 2320 2264 2318 2262 2124 2043 1954 1859 1857 1638 1640 1642 1518 1107 1252  953  623  447   69   68
 177  365  547  885  887 1192 1043 1464 1589 1706 1707 1815 1916 1917 2095    0 2241 2302 2355 2400 2401 2359 2437 2309 2405 2442 2364 2443 2371 2368 2321 2370 2125 2197 2044 2045 1858 1754 1752 1517 1753 1519  956 1110 1391  793  794  262   70   71
 176  546  719  720 1042 1041 1189 1710 1590 1705 1708 2009 1816 2008 2094 2171 2240 2301 2354 2399 2436 2402 2465 2361 2439 2362 2444 2468 2445 2410 2367 2322 2198 2199 2126 1956 1955 1641 1521 1643 1639 1520 1253  957 1258  625  448  955   72   74
 175  364  545  883  884 1040 1188 1330 1587 1703 1586 1588 1915 2007 2093 2170 2239 2300 2353 2398 2435 2464 2484 2404 2440 2363 2406 2446 2411 2375 2448 2413 2412 2200 2127 2046 1957 1860 1755 1393 1390 1254 1392  628 1109 1112  626  263  266  264
 174  363  544  718  717 1039 1329 1331 1463 1462 1814 1704 1914 2006 2092 2169 2238 2299 2352 2397 2434 2432 2466 2485 2469 2498 2487 2447 2408 2372 2369 2415 2265 2201 2128 2047 1958 1861 1756 1395  958 1257  798 1113  451 1116  795  449  450  265
 173  362  543  716  880  882 1038 1187 1461 1584 1813 1812 1913 2005 2091 2168 2237 2298 2351 2396 2462 2463 2461 2467 2441 2497 2490 2499 2472 2489 2374 2324 2323 2266 2129 2048 1960 1959 1645 1757 1260 1396 1256 1761  962  796  629  627  452 1111
 172  361  542  715 1037  881 1186 1328 1460 1459 1585 1811 1911 1912 2090 2236 2166 2297 2350 2395 2433 2483 2482 2496 2495 2486 2473 2474 2471 2417 2373 2325 2202 2268 2203 2050 2049 1862 1863 1644 1524 1523 1394 1522 1255  960 1398  267   75   73
 171  360  541  714  879 1036 1185 1326 1325 1702 1701 1809 1810 2004 2089 2167 2235 2349 2348 2394 2431 2460 2481 2494 2493 2492 2488 2491 2414 2416 2326 2327 2269 2267 2130 2131 1961 1864 1759 1758 1261 1115 1525  961  631  799  268  270   76   77
 359  358  540  713  878 1183 1457 1327 1184 1458 1700 1583 1910 2003 2088 2165 2234 2296 2347 2393 2430 2459 2480 2479 2478 2477 2476 2452 2475 2449 2419 2376 2328 2204 2132 2051 1962 1865 1760 1762 1646 1114  455 1259  630  453  797  801  454  804
 170  539  538  712  877 1035 1033 1034 1582 1581 1699 1808 1909 2002 2087 2233 2294 2295 2346 2392 2429 2458 2457 2456 2455 2454 2422 2453 2450 2451 2377 2329 2205 2270 2206 2052 1963 1867 1866 1763 1527 1400 1526 1118  632  456  959  800  269   79
 357  169  711  537  875  876 1182 1324 1323 1698 1697 1807 1908 2001 2086 2164 2232 2293 2345 2391 2342 2428 2427 2426 2424 2423 2382 2421 2380 2378 2420 2271 2418 2207 2134 2133 2053 1964 1649 1647 1117 1263  965 1397 1119  803   80  271  633  457
 355  167  356  536  710 1032 1181 1322 1456 1580 1696 1806 1907 2000 2085 2163 2231 2292 2344 2389 2341 2388 2425 2386 2385 2384 2383 2333 2334 2381 2379 2331 2272 2273 2135 2054 1965 1868 1650 1529 1651 1648 1531  966  964  963  802  273  459  275
 534  354  709  874 1029 1177 1451 1180 1455 1579 1695 1805 1906 1999 2084 2162 2161 2291 2343 2390 2286 2340 2387 2339 2283 2338 2337 2335 2330 2280 2332 2274 2209 2208 2136 2055 1966 1869 1764 1399 1401 1528 1262  968  634  805  274  272  635   81
 164  168  535  165 1031  873 1454 1320 1453 1578 1804 1905 1998 1997 2083 2229 2230 2290 2289 2288 2224 2287 2285 2284 2220 2282 2336 2218 2279 2278 2277 2276 2275 2210 2137 2056 1967 1870 1765 1652 1264 1530 1265  636  806  458  967   78  461  460
 166  706  708 1030  872 1028 1178 1450 1321 1452 1694 1803 1904 2082 2159 2160 2157 2228 2227 2226 2225 2223 2222 2221 2219 2148 2281 2217 2216 2215 2214 2213 2212 2211 2138 2057 1968 1871 1766 1653 1532 1402 1403 1121  638 1120  637   84  277   83
 163  353  533  871 1025  870 1179 1576 1318 1317 1693 1802 1903 1996 2081 2158 2156 2155 2076 2154 2153 2073 2152 2150 2149 2069 2147 2146 2145 2144 2143 2142 2141 2140 2139 2058 1969 1872 1767 1654 1533 1404 1266 1267  807  809  640  278  462  463
 162  707  351 1027  868 1026 1319 1449 1575 1577 1692 1801 1995 2080 2079 1992 2078 2077 2075 1894 2074 1987 2151 2071 2070 2067 2068 2066 1978 1979 2064 2063 2062 2061 2060 2059 1970 1873 1768 1655 1534 1268 1122 1123  639  970  808  810   82  276
 161  352  350  532  703  869 1175 1176 1316 1574 1691 1800 1902 1685 1901 1994 1991 1990 1989 1892 1986 2072 1985 1984 1983 1887 1982 1980 1883 1977 1881 1882 1975 1974 1973 1972 1971 1874 1769 1656 1535 1405 1269  971  641  969  465  811  281   88
 160  349  531  705  704 1173 1024 1315 1448 1573 1690 1799 1899 1795 1993 1897 1896 1895 1893 1988 1891 1890 1889 1786 1888 1783 1981 1885 2065 1884 1976 1778 1880 1879 1878 1877 1773 1876 1770 1657 1536 1406 1270 1124  972  642  644  466  280   85
 348  529  530  702  867 1174 1313 1172 1447 1572 1798 1797 1900 1686 1898 1794 1793 1792 1791 1790 1678 1789 1787 1785 1784 1673 1782 1671 1781 1780 1779 1777 1666 1776 1775 1774 1662 1772 1771 1658 1537 1125 1273 1271  973  467  464   86  643  279
 159  158  528  701  866 1023 1171 1314 1312 1571 1689 1568 1687 1796 1684 1683 1682 1681 1680 1560 1679 1788 1676 1675 1674 1672 1886 1670 1551 1669 1668 1548 1667 1665 1546 1663 1661 1875 1660 1540 1538 1407 1409 1126  974  812  814  813  469   87
 157  347  527  699  700 1022 1170 1310 1445 1165 1688 1567 1440 1566 1565 1564 1562 1434 1561 1559 1558 1557 1677 1556 1555 1554 1553 1552 1423 1550 1422 1549 1547 1545 1664 1544 1543 1542 1413 1659 1408 1410 1128 1272  815  978 1127  645  283  282
 156  346  345  526  865 1311 1444 1308 1446 1569 1570  857 1439 1303 1301 1158 1563 1436 1435 1433 1432 1431 1430 1429 1428 1427 1426 1425 1424 1288 1421 1420 1419 1418 1283 1417 1416 1415 1412 1278 1541 1411 1274 1129  976  468  285  646   90  284
 155  344  525  698  864  863 1169 1167 1164 1309  853 1441 1306 1305 1302 1437 1159 1300 1299 1298 1297 1296 1295 1294 1293 1292 1291 1290 1289 1145 1287 1286 1285 1141  830 1284 1281 1280 1414 1277 1539  982 1132 1275  816  650  647   92   89   91
 154  343  524  862 1020 1021 1168 1307  691 1443 1442 1013 1161 1304 1438 1157 1007 1006 1156 1155 1154 1153 1152 1151 1150 1149 1148 1147 1146  994 1144 1143 1142 1140 1282 1138  986  985 1279 1137 1276 1133 1134  817  470  975  648  471  286   93
 153  342  523  697  696 1019  858 1015 1016 1014  850 1010 1011 1162 1009 1160 1008  847 1005 1004 1003 1002 1001 1000  999  998  997  996  995  835  993  991  990  989  663 1139  987  827  826 1136 1135  822  652  981  821  653  649  977  288  287
 152  341  522  695  861  860 1018  690 1166  686 1012 1163  852  510  849  684  848  680  846  845  844  843  842  841  840  839  838  837  836  834  833  832  666  664  829  988  662  825  659  983  824  656 1130  980  818  654  979  473   96   94
 151  340  521  694  693  859  689  856  514 1017  139  854  687  851  685  682  681  505  679  678  677  676  675  674  673  672  671  670  669  668  667  992  490  831  665  487  828  660  483  657  984  655  108  820 1131  819  651  472  289   95
 150  339  520  519  517  692  515  513  512  688  855  329  511  508  683  324  507  506  504  503  502  501  500  499  498  497  496  495  494  493  492  491  307  489  488  661  485  484  301  658  482  297  480  296  478  477  475  474  291   97
 149  338  337  336  518  516  143  142  333  140  330  328  137  135  326  133  323  322  321  320  319  318  317  316  315  314  313  312  311  310  309  308  115  116  304  303  486  302  110  299  107  481  823  479  294  476  293  290  292   98
 148  147  146  145  144  335  334  332  331  141  138  136  327  134  325  509  132  131  130  129  128  127  126  125  124  123  122  121  120  119  118  117  306  114  305  113  112  111  300  109  106  298  105  104  295  103  102  101  100   99
