# This puzzle is unsolvable
13
 90  47   3  52 128  96  60  14 125 166  58 101  62
 46 163  92  42  49  59  99 122 161   8   9  13  55
  1 144   0   7 121  48 130  16  53 126 129 162 100
117  86   5  51 155  94  87  89   4  50  97  10  98
 45  63  57  93 110   2  56 112 145  61 153  12 127
157  95  91 142 168  38  17 106 165 146  19 102  24
 79 167 160  43 119  81 147 152   6  32  29  18 149
 40 111 114  54  83 131 137  67  15 151  11  27 120
113  88 133  85 118 109  22 154 150 116 148  70 134
 41  44  36  30  80 107 156  33 158  21  68 104 105
 78  35 123  84 136 138 135  73 132 140  65  26  64
115 141 143  75  39  76  34 108  74 159 124  69  71
 82  31  66 139  28  37  20  25 164 103  77  72  23
