# This puzzle is unsolvable
18
  5   2   4 289  69 182   7 233   8 136  78  79  80 231  15 142  18  19
183   1  70   3 260 132   9 230 134 191 184  14  77  82 189  16  21 143
 67 125 126  72 186  75 263 185  76  12 226 138  81 188  84 234  85 193
178  65  61 181 127 262 137  11 271  13  10 187 192 269 148 232  20  17
225 124 131   6 222  71 179 266 224 135 293 195 146 310  23  87 197 141
176 128 221  74 129 311 227 309   0 133 297 294 140 236 240  86  93  89
123 180  59 286  73 256 285 295 229 320 139 312 194  83  24 190  90  88
261  63 130 177 175 121 319 228 120 313 306 265 299  91 272 237 153  25
 66  62  68 215 219 220 321 259 315 296 267 314 270 292 150 145  28  22
258  64 308 288 217 307 279 318 264 170 316 249 149 238  29 152 241 198
 57 254 283 122 218 305 290 322 291 248 281 276 200 202  27  26 151 268
172 171 247  47 257 173 317 211 284 250 214 301 239 275 274  97  92 147
119  60 223 116 163 323 169 255 246 207 206 242 201 235 144 278  31  30
174 164  51  54 113 210 277 216 251 287 304 212 196 298 103 199  32  94
114 111 303 166 167 112 245 208 273 107 106 204 159 157  33 156 155  98
 50  56 115 117 282 253 252  44  43 158 105 108 161  96  41 243  95  34
 58 168  52  53 110 109  55 209 104  42  38 244 205 100  35 154  36  40
213  49 118  48  46 302 165  45 280 102 160 300 162  39 101  37  99 203
